# tcount label cliff q0 q1 q2 q3 dist
25 3096225015162896 16 0.9592066959043124 0.1631959071273352 0.16319590712733498 -0.16326881614719474 0.000103173
26 914793944163330 2 0.95916503093100636 0.16278944606326404 0.1644550979038607 -0.16265472776089587 0.0014526
26 914794314488840 8 0.95906977070585175 0.16432037960149248 0.16200425025554252 -0.16412985915118408 0.0018484
26 914794083153160 8 0.95916503093100558 0.16343992356861703 0.1622342287830649 -0.16422511937633913 0.00141953
26 3131409922964738 2 0.95913712985703559 0.16461771728019925 0.16281734713723409 -0.16262682668692546 0.00151369
26 914795101924112 16 0.95923239008219008 0.1633725644174332 0.1637372612473233 -0.16239684815940286 0.00097107
26 3131409184025346 2 0.95923239008218963 0.16281734713723381 0.16396723977484545 -0.16272208691207954 0.00101195
26 914794505443074 2 0.95920448900821964 0.16334466334346281 0.16232948900821892 -0.16399514084881572 0.00118119
25 879609464436488 8 0.95903067795974706 0.16482277774343412 0.16284387123820479 -0.16301988918276986 0.00161255
26 914794169988881 17 0.95906977070585164 0.16242474923337294 0.16311468481594038 -0.16491505495890563 0.00192181
26 914794572730121 9 0.95923239008219019 0.1633725644174327 0.16239684815940297 -0.16373726124732332 0.00097107
25 879610236626053 5 0.95903067795974739 0.16234601730935483 0.16447074185430477 -0.16386977900074925 0.00172103
26 3131409668002195 19 0.95906977070585175 0.16432037960149284 0.16412985915118436 -0.16200425025554255 0.0018484
26 914795623484819 19 0.95913712985703647 0.16281734713723378 0.16461771728019958 -0.16262682668692541 0.00159816
26 914795659120021 21 0.95916503093100636 0.16445509790386034 0.1627894460632639 -0.1626547277608959 0.00136633
25 3096225098571153 17 0.95908223242209967 0.1643462783720922 0.16356929757397196 -0.16247048079156726 0.00135714
26 914795645250444 12 0.95920448900822008 0.16232948900821867 0.1633446633434627 -0.16399514084881572 0.00124234
25 879609438338950 6 0.95908223242209978 0.16247048079156695 0.16356929757397243 -0.16434627837209204 0.00145454
25 879610316157006 14 0.9590306779597475 0.16284387123820449 0.16482277774343435 -0.16301988918276994 0.00169978
25 879610219519060 20 0.95908223242209989 0.16452229631665732 0.16314435266498231 -0.16271940775599247 0.00134764
26 914794617402953 9 0.95923239008219019 0.16272208691207951 0.16396723977484573 -0.162817347137234 0.0010188
25 879609896847696 16 0.95908223242209956 0.16356929757397198 0.16434627837209209 -0.16247048079156734 0.00139831
25 879610150440268 12 0.95895776893988749 0.16507170470785928 0.16344483409175936 -0.16259494427377974 0.00193263
26 3131409889205572 4 0.95920448900821953 0.16334466334346229 0.16399514084881608 -0.16232948900821914 0.00118119
26 914794032933713 17 0.95906977070585142 0.16491505495890557 0.16311468481594049 -0.16242474923337361 0.00182477
25 879609810299726 14 0.95908223242209978 0.16356929757397162 0.16247048079156728 -0.16434627837209212 0.00139831
26 3131409908874071 23 0.95913712985703592 0.16461771728019922 0.16262682668692552 -0.16281734713723431 0.00151369
26 3131409873009485 13 0.95916503093100625 0.16278944606326387 0.16265472776089579 -0.1644550979038607 0.0014526
26 914795746682703 15 0.95906977070585198 0.1620042502555426 0.16432037960149304 -0.16412985915118405 0.00193772
25 3096224818686679 23 0.95908223242210033 0.16314435266498234 0.1645222963166578 -0.16271940775599231 0.00142032
25 879609759522498 2 0.95920669590431262 0.16319590712733442 0.16326881614719457 -0.16319590712733456 0.000103173
25 879609885655494 6 0.95903067795974728 0.16284387123820482 0.16301988918276972 -0.16482277774343457 0.00169978
26 914794553181649 17 0.95916503093100591 0.16422511937633852 0.16223422878306451 -0.16343992356861725 0.00137856
26 3131409358790082 2 0.95923239008218975 0.16373726124732338 0.16239684815940261 -0.16337256441743297 0.000943256
26 914795274624464 16 0.9592323900821903 0.16272208691207976 0.16281734713723375 -0.16396723977484562 0.0010188
26 914795477273552 16 0.95913712985703603 0.16262682668692549 0.16461771728019961 -0.16281734713723395 0.00160684
25 3096224782556106 10 0.95903067795974739 0.16386977900074925 0.16447074185430449 -0.16234601730935516 0.00165513
26 3131409532645428 20 0.95906977070585209 0.1624247492333733 0.16491505495890527 -0.16311468481594038 0.00192181
26 914794583637032 8 0.95906977070585187 0.16412985915118369 0.16200425025554269 -0.16432037960149265 0.00185591
25 3096224991777335 23 0.9590822324221 0.16434627837209193 0.16247048079156698 -0.16356929757397196 0.00135714
25 879609594415392 0 0.95903067795974772 0.16386977900074978 0.162346017309355 -0.16447074185430499 0.00165513
26 914795645676845 13 0.95923239008219019 0.16396723977484565 0.1628173471372345 -0.16272208691208001 0.000925286
25 3096225043295019 11 0.9590306779597475 0.16482277774343393 0.16301988918277008 -0.16284387123820454 0.00161255
25 3096225198507825 17 0.95908223242210011 0.16314435266498228 0.16271940775599231 -0.16452229631665732 0.00142032
25 879610107117740 12 0.95903067795974795 0.16234601730935486 0.1638697790007495 -0.16447074185430455 0.00172103
26 914794324545711 15 0.95913712985703614 0.16281734713723378 0.16262682668692552 -0.16461771728019911 0.00159816
26 914794991655090 18 0.95916503093100647 0.16223422878306462 0.16422511937633844 -0.16343992356861764 0.00148024
26 3131409708851889 17 0.95923239008219041 0.16373726124732382 0.16337256441743306 -0.16239684815940292 0.000943256
26 914794937850537 9 0.9590697707058522 0.1631146848159401 0.1649150549589059 -0.16242474923337366 0.00189542
25 3096225002838707 19 0.9590306779597475 0.16301988918276969 0.16482277774343496 -0.16284387123820482 0.0016922
26 3131409775557290 10 0.9592044890082202 0.16399514084881595 0.16334466334346251 -0.16232948900821909 0.00114028
26 914793738061490 18 0.95923239008219041 0.1623968481594032 0.16337256441743331 -0.16373726124732391 0.00104184
26 914795718270629 5 0.95916503093100647 0.16223422878306479 0.16343992356861736 -0.1642251193763386 0.00148024
26 3131409937150387 19 0.95906977070585275 0.16412985915118408 0.16432037960149287 -0.1620042502555431 0.00185591
25 879610002715056 16 0.95908223242210056 0.16271940775599206 0.16314435266498242 -0.1645222963166576 0.00144199
26 914794862266799 15 0.95916503093100625 0.16445509790386093 0.16265472776089601 -0.16278944606326368 0.00136633
26 914793837473906 18 0.95923239008219074 0.16396723977484556 0.16272208691207968 -0.16281734713723442 0.000925286
26 3131409698515051 11 0.95916503093100614 0.16343992356861722 0.16422511937633874 -0.16223422878306476 0.00141953
26 914795691381869 13 0.95923239008219019 0.16239684815940256 0.16373726124732352 -0.16337256441743342 0.00104184
26 914795758668914 18 0.95920448900822008 0.16232948900821934 0.163995140848816 -0.16334466334346293 0.00124234
26 3131409388383348 20 0.9590697707058522 0.16491505495890543 0.16242474923337347 -0.16311468481594021 0.00182477
25 879609379059298 2 0.9590306779597475 0.16447074185430441 0.1623460173093548 -0.16386977900074975 0.00162841
26 3131409483476586 10 0.95916503093100647 0.16422511937633838 0.16343992356861728 -0.16223422878306459 0.00137856
25 879610335769455 15 0.95920669590431262 0.16326881614719418 0.16319590712733489 -0.16319590712733478 1.30757e-07
25 879609347114854 6 0.9590822324221 0.16452229631665746 0.1627194077559922 -0.16314435266498203 0.00134764
26 914795479861103 15 0.95906977070585153 0.16200425025554199 0.16412985915118422 -0.16432037960149273 0.00193772
26 3131409613160307 19 0.95916503093100591 0.16265472776089543 0.16278944606326368 -0.16445509790386087 0.00145935
26 914794627264759 23 0.9592044890082202 0.16399514084881595 0.16232948900821909 -0.16334466334346281 0.00114028
26 914794810656489 9 0.95906977070585209 0.16311468481594049 0.16242474923337308 -0.16491505495890549 0.00189542
25 879610251429620 20 0.9590822324221 0.16247048079156715 0.16434627837209209 -0.16356929757397221 0.00145454
26 914794680620790 22 0.95916503093100569 0.16265472776089532 0.1644550979038607 -0.1627894460632637 0.00145935
26 914794640627430 6 0.95913712985703603 0.16262682668692521 0.16281734713723395 -0.16461771728019906 0.00160684
25 879609578500590 14 0.95908223242209989 0.16271940775599242 0.16452229631665738 -0.1631443526649819 0.00144199
25 879610255391212 12 0.95895776893988738 0.16507170470785926 0.16259494427377963 -0.16344483409175978 0.00193263
25 879609750232566 22 0.95903067795974739 0.16301988918276952 0.16284387123820454 -0.1648227777434346 0.0016922
26 3131409903197169 17 0.95923239008218997 0.16281734713723395 0.1627220869120794 -0.16396723977484537 0.00101195
25 3096225180499943 7 0.95903067795974739 0.16447074185430455 0.16386977900074967 -0.16234601730935477 0.00162841
