# tcount label cliff q0 q1 q2 q3 dist
0 23 23 1 0 0 0 0
21 2955487255726089 9 0.99998523409434648 0.00060096285355484879 0.0014508526715347747 0.0052024478325846391 0.00543432
21 738871814129686 22 0.99998523409434648 0.0052024478325842644 -0.0014508526715347682 0.00060096285355494712 0.00543432
21 738871847684119 23 0.99998523409434636 0.0052024478325845818 0.00060096285355493335 0.0014508526715347747 0.00543432
21 2955487272503303 7 0.99998523409434648 0.00060096285355484098 0.0052024478325845072 -0.0014508526715347192 0.00543432
21 738871830906893 13 0.99998523409434659 -0.0014508526715349408 -0.0052024478325844456 0.00060096285355470958 0.00543432
21 738871864461330 18 0.99998523409434625 -0.0014508526715348075 0.00060096285355498713 0.0052024478325842201 0.00543432
21 2955487255593995 11 0.99998523409434648 0.0052024478325840839 -0.0006009628535549043 0.0014508526715348857 0.00543432
21 738871813997588 20 0.99998523409434648 0.0014508526715347916 0.00060096285355481322 0.0052024478325842782 0.00543432
21 738871847552012 12 0.99998523409434648 0.0014508526715348307 0.0052024478325842782 -0.00060096285355487589 0.00543432
21 2955487272371206 6 0.99998523409434648 0.0052024478325843667 0.0014508526715348302 0.00060096285355479501 0.00543432
21 738871830774807 23 0.99998523409434648 0.00060096285355480152 -0.0014508526715348857 0.0052024478325844057 0.00543432
21 738871864329233 17 0.99998523409434648 0.00060096285355482071 0.0052024478325843598 0.0014508526715348469 0.00543432
21 2955487263916550 6 0.99998523409434659 0.00060096285355463542 0.00265277837864486 0.0047045939037347346 0.00543432
21 738871822320151 23 0.99998523409434648 0.0047045939037347519 -0.002652778378644749 0.00060096285355466621 0.00543432
21 738871855874577 17 0.99998523409434648 0.0047045939037347008 0.00060096285355467271 0.0026527783786447811 0.00543432
21 2955487280693776 16 0.9999852340943467 0.00060096285355465406 0.0047045939037347329 -0.00265277837864486 0.00543432
21 738871839097363 19 0.9999852340943467 -0.002652778378644899 -0.0047045939037347728 0.00060096285355465406 0.00543432
21 738871872651785 9 0.9999852340943467 -0.0026527783786448877 0.00060096285355465406 0.0047045939037348161 0.00543432
21 2955487259689222 6 0.99998523409434659 0.0047045939037348135 -0.0014508526715347747 0.0023007424895148303 0.00543432
21 738871818092823 23 0.99998523409434659 0.002300742489514845 0.0014508526715347747 0.00470459390373483 0.00543432
21 738871851647249 17 0.99998523409434648 0.0023007424895148633 0.0047045939037348499 -0.0014508526715348463 0.00543432
21 2955487276466448 16 0.9999852340943467 0.0047045939037347884 0.0023007424895148954 0.0014508526715347192 0.00543432
21 738871834870035 19 0.99998523409434681 0.0014508526715347684 -0.0023007424895149027 0.0047045939037348439 0.00543432
21 738871868424457 9 0.99998523409434681 0.0014508526715346914 0.0047045939037348439 0.0023007424895149231 0.00543432
21 2955487257575558 6 0.99998523409434625 0.0023007424895146555 0.0043525580146044907 0.0023007424895147223 0.00543432
21 738871815979159 23 0.99998523409434603 0.0023007424895147353 -0.0043525580146046017 0.0023007424895146798 0.00543432
21 738871849533585 17 0.99998523409434614 0.0023007424895147982 0.0023007424895147058 0.0043525580146045791 0.00543432
21 2955487274352784 16 0.99998523409434625 0.0023007424895145627 0.0023007424895147843 -0.0043525580146046017 0.00543432
21 738871832756371 19 0.99998523409434648 -0.0043525580146046971 -0.0023007424895148247 0.0023007424895145623 0.00543432
21 738871866310793 9 0.99998523409434648 -0.0043525580146047405 0.0023007424895145068 0.0023007424895148125 0.00543432
21 2955487263692435 19 0.99998523409434648 -0.0023007424895149509 0.0047045939037347094 -0.0014508526715352188 0.00543432
21 738871822096016 16 0.9999852340943467 -0.0014508526715351355 -0.0047045939037347051 -0.0023007424895149509 0.00543432
21 738871855650453 21 0.99998523409434659 -0.001450852671535193 -0.0023007424895148398 0.004704593903734693 0.00543432
21 2955487280469641 9 0.99998523409434648 -0.0023007424895148958 -0.0014508526715352188 -0.0047045939037345663 0.00543432
21 738871838873238 22 0.99998523409434636 -0.004704593903734778 0.0014508526715351219 -0.0023007424895148628 0.00543432
21 738871872427671 23 0.99998523409434648 -0.0047045939037345412 -0.0023007424895148659 -0.0014508526715351633 0.00543432
21 2955487269322121 9 0.99998523409434625 0.0047045939037343165 -0.002652778378644971 -0.00060096285355495938 0.00543432
21 738871827725718 22 0.99998523409434625 -0.00060096285355513469 0.0026527783786449762 0.0047045939037344579 0.00543432
21 738871861280151 23 0.99998523409434603 -0.00060096285355491341 0.0047045939037344293 -0.0026527783786450265 0.00543432
21 2955487286099335 7 0.99998523409434636 0.0047045939037343235 -0.00060096285355493769 0.002652778378645082 0.00543432
21 738871844502925 13 0.99998523409434648 0.0026527783786449441 0.00060096285355501575 0.0047045939037342888 0.00543432
21 738871878057362 18 0.99998523409434648 0.0026527783786450551 0.0047045939037345108 -0.00060096285355520571 0.00543432
21 2955487256518726 6 0.99998523409434636 0.0023007424895146889 -0.0014508526715349968 0.0047045939037349271 0.00543432
21 738871814922327 23 0.99998523409434636 0.0047045939037349532 0.0014508526715349968 0.002300742489514675 0.00543432
21 738871848476753 17 0.99998523409434625 0.0047045939037350468 0.0023007424895147063 -0.0014508526715350427 0.00543432
21 2955487273295952 16 0.99998523409434648 0.0023007424895147011 0.0047045939037349271 0.0014508526715348857 0.00543432
21 738871831699539 19 0.99998523409434659 0.0014508526715348473 -0.0047045939037348508 0.0023007424895146733 0.00543432
21 738871865253961 9 0.99998523409434648 0.0014508526715348302 0.0023007424895148398 0.0047045939037349549 0.00543432
21 2955487260571219 19 0.9999852340943467 -0.0023007424895146408 0.0023007424895146004 0.0043525580146044907 0.00543432
21 738871818974800 16 0.9999852340943467 0.0043525580146044629 -0.0023007424895146456 -0.0023007424895147288 0.00543432
21 738871852529237 21 0.99998523409434659 0.0043525580146045071 -0.0023007424895146178 0.0023007424895145883 0.00543432
21 2955487277348425 9 0.99998523409434659 -0.0023007424895146174 0.0043525580146045462 -0.0023007424895145627 0.00543432
21 738871835752022 22 0.99998523409434648 -0.0023007424895149418 -0.0043525580146046182 -0.0023007424895145896 0.00543432
21 738871869306455 23 0.99998523409434648 -0.0023007424895146017 -0.0023007424895145844 0.0043525580146046017 0.00543432
21 2955487267965771 11 0.99998523409434581 -0.0047045939037348161 -0.00060096285355512548 -0.00265277837864486 0.00543432
21 738871826369364 20 0.99998523409434603 -0.0026527783786449155 0.00060096285355501033 -0.0047045939037346218 0.00543432
21 738871859923788 12 0.99998523409434603 -0.0026527783786448882 -0.0047045939037347329 -0.0006009628535550704 0.00543432
21 2955487284742982 6 0.99998523409434603 -0.004704593903734555 -0.0026527783786448045 0.00060096285355502009 0.00543432
21 738871843146583 23 0.99998523409434603 0.00060096285355502833 0.0026527783786448045 -0.0047045939037345368 0.00543432
21 738871876701009 17 0.99998523409434592 0.00060096285355499125 -0.0047045939037344969 -0.00265277837864486 0.00543432
21 2955487270974675 19 0.99998523409434659 -0.00060096285355486743 0.0047045939037345698 0.0026527783786444714 0.00543432
21 738871829378256 16 0.99998523409434648 0.0026527783786444992 -0.0047045939037345386 -0.00060096285355487611 0.00543432
21 738871862932693 21 0.99998523409434648 0.002652778378644513 -0.0006009628535548206 0.0047045939037344969 0.00543432
21 2955487287751881 9 0.99998523409434636 -0.00060096285355479241 0.0026527783786445824 -0.0047045939037345941 0.00543432
21 738871846155478 22 0.99998523409434648 -0.004704593903734889 -0.0026527783786446241 -0.00060096285355467358 0.00543432
21 738871879709911 23 0.99998523409434636 -0.0047045939037345967 -0.00060096285355472085 0.0026527783786445824 0.00543432
21 2955487262782153 9 0.99998523409434659 -0.0052024478325842505 0.0014508526715348857 -0.00060096285355507083 0.00543432
21 738871821185750 22 0.99998523409434636 -0.00060096285355535674 -0.0014508526715349239 -0.0052024478325842036 0.00543432
21 738871854740183 23 0.99998523409434648 -0.00060096285355504308 -0.005202447832584136 0.0014508526715348857 0.00543432
21 2955487279559367 7 0.99998523409434648 -0.0052024478325842522 -0.00060096285355509815 -0.0014508526715349412 0.00543432
21 738871837962957 13 0.99998523409434681 -0.0014508526715350531 0.0006009628535550975 -0.0052024478325843893 0.00543432
21 738871871517394 18 0.9999852340943467 -0.0014508526715349241 -0.0052024478325841117 -0.00060096285355536248 0.00543432
21 2955487262392011 11 0.9999852340943467 -0.00060096285355495894 0.0052024478325841395 0.0014508526715344416 0.00543432
21 738871820795604 20 0.9999852340943467 0.0014508526715343202 -0.0052024478325842591 -0.00060096285355476509 0.00543432
21 738871854350028 12 0.99998523409434681 0.0014508526715343026 -0.00060096285355476509 0.005202447832584195 0.00543432
21 2955487279169222 6 0.9999852340943467 -0.0006009628535546159 0.0014508526715344416 -0.0052024478325841698 0.00543432
21 738871837572823 23 0.9999852340943467 -0.0052024478325842028 -0.0014508526715344416 -0.00060096285355461763 0.00543432
21 738871871127249 17 0.9999852340943467 -0.0052024478325841767 -0.00060096285355459443 0.0014508526715344148 0.00543432
21 2955487258425299 19 0.9999852340943467 -0.0047045939037343755 0.0023007424895147952 -0.0014508526715346082 0.00543432
21 738871816828880 16 0.99998523409434681 -0.0014508526715346082 -0.0023007424895147843 -0.0047045939037343443 0.00543432
21 738871850383317 21 0.9999852340943467 -0.001450852671534683 -0.0047045939037341777 0.0023007424895147843 0.00543432
21 2955487275202505 9 0.99998523409434692 -0.0047045939037343729 -0.0014508526715346637 -0.0023007424895147011 0.00543432
21 738871833606102 22 0.9999852340943467 -0.0023007424895149738 0.0014508526715346119 -0.0047045939037343 0.00543432
21 738871867160535 23 0.99998523409434681 -0.002300742489514682 -0.0047045939037342705 -0.0014508526715346082 0.00543432
21 2955487255990310 6 0.9999852340943467 0.0047045939037347745 0.002652778378644971 0.00060096285355488695 0.00543432
21 738871814393911 23 0.9999852340943467 0.00060096285355486613 -0.0026527783786449155 0.0047045939037347693 0.00543432
21 738871847948337 17 0.99998523409434681 0.00060096285355496425 0.004704593903734771 0.002652778378644899 0.00543432
21 2955487272767536 16 0.9999852340943467 0.0047045939037348161 0.00060096285355479284 -0.002652778378644971 0.00543432
21 738871831171123 19 0.99998523409434692 -0.0026527783786449385 -0.00060096285355483014 0.0047045939037347884 0.00543432
21 738871864725545 9 0.99998523409434692 -0.0026527783786449437 0.0047045939037349549 0.00060096285355490386 0.00543432
21 2955487271922985 9 0.99998523409434692 0.0023007424895143953 -0.0043525580146043241 -0.0023007424895147848 0.00543432
21 738871830326582 22 0.99998523409434681 -0.0023007424895150849 0.0043525580146042643 0.0023007424895144721 0.00543432
21 738871863881015 23 0.99998523409434692 -0.0023007424895147479 0.0023007424895144478 -0.0043525580146042686 0.00543432
21 2955487288700199 7 0.99998523409434692 0.0023007424895143953 -0.0023007424895148611 0.0043525580146043796 0.00543432
21 738871847103789 13 0.99998523409434714 0.0043525580146042131 0.0023007424895148407 0.0023007424895143402 0.00543432
21 738871880658226 18 0.99998523409434692 0.0043525580146043432 0.0023007424895145623 -0.0023007424895150428 0.00543432
21 2955487266405163 11 0.99998523409434648 -0.0023007424895152007 -0.0047045939037340953 0.0014508526715349412 0.00543432
21 738871824808756 20 0.99998523409434659 0.00145085267153483 0.0047045939037340494 -0.0023007424895148398 0.00543432
21 738871858363180 12 0.99998523409434648 0.001450852671534858 -0.0023007424895149509 -0.0047045939037340945 0.00543432
21 2955487283182374 6 0.99998523409434648 -0.0023007424895148416 0.0014508526715349412 0.0047045939037341656 0.00543432
21 738871841585975 23 0.99998523409434648 0.0047045939037341214 -0.0014508526715349412 -0.0023007424895148121 0.00543432
21 738871875140401 17 0.99998523409434636 0.0047045939037341318 -0.0023007424895148242 0.001450852671534925 0.00543432
21 2955487265680553 9 0.99998523409434659 0.0047045939037345117 0.0014508526715347192 -0.0023007424895148398 0.00543432
21 738871824084150 22 0.99998523409434648 -0.0023007424895151313 -0.0014508526715347298 0.004704593903734575 0.00543432
21 738871857638583 23 0.99998523409434648 -0.0023007424895148329 0.004704593903734608 0.0014508526715346637 0.00543432
21 2955487282457767 7 0.9999852340943467 0.0047045939037345177 -0.0023007424895148641 -0.0014508526715347747 0.00543432
21 738871840861357 13 0.99998523409434692 -0.0014508526715348302 0.0023007424895148958 0.0047045939037343998 0.00543432
21 738871874415794 18 0.9999852340943467 -0.0014508526715347298 0.0047045939037347329 -0.0023007424895151213 0.00543432
21 2955487269710259 19 0.99998523409434703 0.0052024478325839538 0.00060096285355504611 -0.0014508526715352188 0.00543432
21 738871828113840 16 0.99998523409434692 -0.0014508526715351078 -0.00060096285355504264 0.0052024478325840007 0.00543432
21 738871861668277 21 0.99998523409434692 -0.0014508526715351932 0.0052024478325840007 0.00060096285355502703 0.00543432
21 2955487286487465 9 0.99998523409434692 0.0052024478325839174 -0.0014508526715350523 -0.00060096285355512634 0.00543432
21 738871844891062 22 0.99998523409434692 -0.00060096285355545421 0.0014508526715349631 0.0052024478325840076 0.00543432
21 738871878445495 23 0.99998523409434692 -0.00060096285355506606 0.0052024478325840345 -0.0014508526715349968 0.00543432
21 2955487270102438 6 0.9999852340943467 0.00060096285355516321 -0.0014508526715344416 -0.0052024478325842227 0.00543432
21 738871828506039 23 0.99998523409434681 -0.0052024478325842123 0.0014508526715345527 0.00060096285355516581 0.00543432
21 738871862060465 17 0.99998523409434692 -0.0052024478325842002 0.00060096285355518326 -0.001450852671534454 0.00543432
21 2955487286879664 16 0.9999852340943467 0.00060096285355518185 -0.0052024478325842505 0.0014508526715344416 0.00543432
21 738871845283251 19 0.99998523409434692 0.0014508526715344932 0.0052024478325842435 0.00060096285355509815 0.00543432
21 738871878837673 9 0.99998523409434681 0.0014508526715344969 0.00060096285355520918 -0.0052024478325841672 0.00543432
21 2955487261388713 9 0.9999852340943467 0.0006009628535547369 -0.0026527783786450265 -0.004704593903734372 0.00543432
21 738871819792310 22 0.99998523409434648 -0.004704593903734621 0.0026527783786450165 0.00060096285355483036 0.00543432
21 738871853346743 23 0.99998523409434648 -0.0047045939037343356 0.0006009628535548271 -0.002652778378645082 0.00543432
21 2955487278165927 7 0.9999852340943467 0.0006009628535547447 -0.0047045939037344362 0.002652778378645082 0.00543432
21 738871836569517 13 0.9999852340943467 0.0026527783786450543 0.0047045939037344839 0.00060096285355465406 0.00543432
21 738871870123954 18 0.99998523409434659 0.002652778378645095 0.00060096285355493162 -0.0047045939037346765 0.00543432
21 2955487271606891 11 0.99998523409434636 -0.0047045939037347051 -0.0023007424895147015 0.0014508526715345527 0.00543432
21 738871830010484 20 0.99998523409434648 0.0014508526715343983 0.0023007424895145337 -0.0047045939037345108 0.00543432
21 738871863564908 12 0.99998523409434648 0.0014508526715344139 -0.0047045939037345108 -0.0023007424895146456 0.00543432
21 2955487288384102 6 0.9999852340943467 -0.0047045939037344804 0.0014508526715344972 0.0023007424895146898 0.00543432
21 738871846787703 23 0.99998523409434648 0.0023007424895146768 -0.0014508526715343861 -0.0047045939037344414 0.00543432
21 738871880342129 17 0.9999852340943467 0.0023007424895147063 -0.004704593903734418 0.0014508526715344143 0.00543432
21 2955487259122027 11 0.99998523409434625 -0.00060096285355520918 -0.0047045939037348439 -0.00265277837864486 0.00543432
21 738871817525620 20 0.99998523409434648 -0.0026527783786449155 0.0047045939037347554 -0.00060096285355487611 0.00543432
21 738871851080044 12 0.99998523409434648 -0.002652778378644971 -0.00060096285355504264 -0.0047045939037347884 0.00543432
21 2955487275899238 6 0.99998523409434636 -0.00060096285355486397 -0.00265277837864486 0.0047045939037348682 0.00543432
21 738871834302839 23 0.99998523409434636 0.0047045939037348838 0.00265277837864486 -0.0006009628535548605 0.00543432
21 738871867857265 17 0.99998523409434636 0.0047045939037347788 -0.0006009628535548297 -0.0026527783786448596 0.00543432
21 2955487267181427 19 0.99998523409434648 -0.00060096285355508081 -0.0052024478325844361 -0.0014508526715348302 0.00543432
21 738871825585008 16 0.99998523409434648 -0.0014508526715348025 0.0052024478325844725 -0.00060096285355509815 0.00543432
21 738871859139445 21 0.99998523409434625 -0.00145085267153484 -0.00060096285355498713 -0.0052024478325844786 0.00543432
21 2955487283958633 9 0.99998523409434648 -0.00060096285355512634 -0.0014508526715347747 0.005202447832584528 0.00543432
21 738871842362230 22 0.99998523409434625 0.0052024478325842184 0.0014508526715346897 -0.00060096285355502562 0.00543432
21 738871875916663 23 0.99998523409434625 0.0052024478325845332 -0.00060096285355504828 -0.0014508526715347192 0.00543432
21 2955487267315558 6 0.9999852340943467 -0.0052024478325842132 -0.0014508526715344972 0.00060096285355493596 0.00543432
21 738871825719159 23 0.99998523409434659 0.00060096285355494246 0.0014508526715343306 -0.0052024478325842106 0.00543432
21 738871859273585 17 0.99998523409434659 0.00060096285355493173 -0.0052024478325842036 -0.0014508526715343759 0.00543432
21 2955487284092784 16 0.9999852340943467 -0.0052024478325842505 0.00060096285355501489 0.0014508526715344416 0.00543432
21 738871842496371 19 0.99998523409434692 0.0014508526715344544 -0.00060096285355494767 -0.0052024478325841672 0.00543432
21 738871876050793 9 0.99998523409434692 0.0014508526715344421 -0.0052024478325842782 0.00060096285355504286 0.00543432
21 2955487262123763 19 0.99998523409434648 -0.0047045939037345871 0.00060096285355492165 0.0026527783786444714 0.00543432
21 738871820527344 16 0.99998523409434659 0.0026527783786444992 -0.00060096285355490386 -0.0047045939037346218 0.00543432
21 738871854081781 21 0.99998523409434648 0.002652778378644435 -0.0047045939037345108 0.00060096285355490755 0.00543432
21 2955487278900969 9 0.99998523409434648 -0.0047045939037346218 0.0026527783786443049 -0.00060096285355487611 0.00543432
21 738871837304566 22 0.99998523409434648 -0.00060096285355527824 -0.0026527783786444267 -0.0047045939037346149 0.00543432
21 738871870858999 23 0.99998523409434648 -0.00060096285355492034 -0.0047045939037345438 0.0026527783786443604 0.00543432
21 2955487268785641 9 0.99998523409434614 0.0023007424895144239 0.0014508526715344972 -0.0047045939037343165 0.00543432
21 738871827189238 22 0.99998523409434614 -0.0047045939037347459 -0.0014508526715345724 0.0023007424895144703 0.00543432
21 738871860743671 23 0.99998523409434603 -0.0047045939037343165 0.0023007424895145042 0.0014508526715345527 0.00543432
21 2955487285562855 7 0.99998523409434625 0.0023007424895144192 -0.0047045939037343096 -0.0014508526715344972 0.00543432
21 738871843966445 13 0.99998523409434636 -0.0014508526715346086 0.0047045939037344007 0.0023007424895142847 0.00543432
21 738871877520882 18 0.99998523409434614 -0.0014508526715345331 0.0023007424895146178 -0.0047045939037345594 0.00543432
21 2955487265332203 11 0.99998523409434648 -0.002300742489515228 -0.0023007424895149504 -0.0043525580146042131 0.00543432
21 738871823735796 20 0.99998523409434659 -0.0043525580146042816 0.0023007424895149257 -0.0023007424895148398 0.00543432
21 738871857290220 12 0.9999852340943467 -0.0043525580146043241 -0.0023007424895150619 -0.0023007424895149504 0.00543432
21 2955487282109414 6 0.99998523409434648 -0.002300742489514911 -0.0043525580146042686 0.0023007424895149769 0.00543432
21 738871840513015 23 0.99998523409434625 0.0023007424895149626 0.0043525580146042131 -0.0023007424895149209 0.00543432
21 738871874067441 17 0.99998523409434636 0.0023007424895150203 -0.0023007424895148628 -0.0043525580146042651 0.00543432
