# tcount label cliff q0 q1 q2 q3 dist
25 3096225015162896 16 0.9592066959043124 0.1631959071273352 0.16319590712733498 -0.16326881614719474 0.00224823
25 3096225179973642 10 0.95835680608633211 0.16609761247040444 0.1631959071273342 -0.16532063167228456 0.00224822
25 3096224879490048 0 0.95805632465955526 0.1659731489881921 0.16434627837209256 -0.16604605800805181 0.00224822
25 879609915290633 9 0.95885466001518249 0.16277096221834481 0.16549664961684984 -0.16344483409175975 0.00224823
25 3096224961895447 23 0.95848126956854462 0.1628954257005569 0.1659731489881919 -0.16502015024550701 0.00224823
25 879610309581318 6 0.9588546600151826 0.16241892632921481 0.16404579694531468 -0.16524772265242435 0.00224823
25 879609340320273 17 0.95800477019720254 0.16634653943482966 0.16482277774343457 -0.16549664961684979 0.00224822
25 879610350784010 10 0.95855417858840486 0.16579713104362701 0.16271940775599195 -0.16494724122564713 0.00224823
25 3096225138994696 8 0.95830525162398006 0.16502015024550673 0.16349638855411214 -0.16639809389718202 0.00224822
25 879610365724948 20 0.95812923367941449 0.16477122328108199 0.1666470208616066 -0.16452229631665699 0.00224822
25 3096225243276561 17 0.95848126956854496 0.16289542570055734 0.16502015024550723 -0.16597314898819182 0.00224823
25 879609763779846 6 0.95830525162397984 0.16639809389718202 0.16349638855411225 -0.16502015024550687 0.00224822
25 879609537465609 9 0.95830525162397939 0.16459520533651711 0.16374531551853749 -0.16657411184174703 0.00224822
25 3096225005701910 22 0.95830525162397984 0.16417026042752667 0.1640973514076674 -0.16664702086160685 0.00224822
25 879609789250312 8 0.95885466001518216 0.16404579694531451 0.16241892632921481 -0.16524772265242452 0.00224823
25 879610229155594 10 0.95830525162397973 0.16554820407920212 0.16332037060954691 -0.16604605800805172 0.00224822
25 879609464436488 8 0.95903067795974706 0.16482277774343412 0.16284387123820479 -0.16301988918276986 0.00224823
25 879609634027278 14 0.95848126956854485 0.16622207595261709 0.16307144364512227 -0.1645952053365172 0.00224823
25 879610041903239 7 0.95830525162397995 0.16409735140766699 0.16417026042752722 -0.16664702086160726 0.00224822
25 879609850971273 9 0.95800477019720254 0.16482277774343454 0.16634653943482952 -0.16549664961684948 0.00224822
25 879610236626053 5 0.95903067795974739 0.16234601730935483 0.16447074185430477 -0.16386977900074925 0.00224823
25 879610027250830 14 0.95885466001518227 0.16277096221834508 0.16344483409175992 -0.16549664961684973 0.00224823
25 879610090110092 12 0.95842971510619246 0.16379686998088988 0.16652255737939442 -0.16386977900074984 0.00224822
25 3096225102881418 10 0.95895776893988782 0.16259494427378002 0.16344483409175956 -0.16507170470785992 0.00224823
25 879609686168193 1 0.95835680608633222 0.16609761247040458 0.16532063167228483 -0.16319590712733476 0.00224822
25 879610049943184 16 0.95812923367941449 0.16452229631665713 0.16664702086160707 -0.16477122328108224 0.00224822
25 879610372687237 5 0.95842971510619224 0.1637968699808901 0.16386977900074956 -0.16652255737939428 0.00224822
25 3096224893556106 10 0.95793186117734241 0.16567266756141469 0.16592159452583952 -0.16549664961684951 0.00224822
25 3096225098571153 17 0.95908223242209967 0.1643462783720922 0.16356929757397196 -0.16247048079156726 0.00224823
25 879609948388749 13 0.95805632465955459 0.1643462783720924 0.16597314898819232 -0.16604605800805239 0.00224822
25 879609663783808 0 0.95793186117734308 0.16567266756141488 0.16549664961684979 -0.16592159452583963 0.00224822
25 879610168341386 10 0.95865728751311008 0.16519616819007238 0.16247048079156712 -0.16519616819007216 0.00224823
25 3096225235675016 8 0.95855417858840453 0.16271940775599217 0.16579713104362717 -0.16494724122564669 0.00224823
25 879609438338950 6 0.95908223242209978 0.16247048079156695 0.16356929757397243 -0.16434627837209204 0.00224823
25 879609436233798 6 0.95812923367941472 0.16477122328108207 0.16452229631665688 -0.16664702086160676 0.00224822
25 879610316157006 14 0.9590306779597475 0.16284387123820449 0.16482277774343435 -0.16301988918276994 0.00224823
25 3096225239737418 10 0.95835680608633178 0.16319590712733445 0.16609761247040425 -0.16532063167228456 0.00224822
25 879609806279745 1 0.95895776893988782 0.16344483409175936 0.16507170470785934 -0.16259494427377996 0.00224823
25 879610219519060 20 0.95908223242209989 0.16452229631665732 0.16314435266498231 -0.16271940775599247 0.00224823
25 879609308160593 17 0.95885466001518216 0.16549664961684935 0.16277096221834453 -0.16344483409175961 0.00224823
25 879609500987990 22 0.9580047701972022 0.16549664961684957 0.16482277774343471 -0.16634653943482924 0.00224822
25 879609396300354 2 0.95842971510619235 0.16386977900074967 0.1637968699808896 -0.16652255737939439 0.00224822
25 879609427729998 14 0.95830525162398073 0.16664702086160704 0.16409735140766757 -0.1641702604275273 0.00224822
25 879609675288902 6 0.95855417858840464 0.16579713104362709 0.1649472412256468 -0.16271940775599214 0.00224823
25 3096224923349335 23 0.9584812695685444 0.16459520533651686 0.1630714436451223 -0.16622207595261676 0.00224823
25 879609896847696 16 0.95908223242209956 0.16356929757397198 0.16434627837209209 -0.16247048079156734 0.00224823
25 3096225261860167 7 0.95793186117734219 0.16592159452583954 0.1656726675614146 -0.16549664961684951 0.00224822
25 879610150440268 12 0.95895776893988749 0.16507170470785928 0.16344483409175936 -0.16259494427377974 0.00224823
25 3096224873327953 17 0.9583052516239795 0.16657411184174681 0.16374531551853719 -0.16459520533651681 0.00224822
25 879609535925077 21 0.95805632465955437 0.16604605800805156 0.16434627837209237 -0.16597314898819188 0.00224822
25 879609810299726 14 0.95908223242209978 0.16356929757397162 0.16247048079156728 -0.16434627837209212 0.00224823
25 879609786685638 6 0.95830525162398028 0.16349638855411233 0.16639809389718191 -0.1650201502455069 0.00224822
25 879609992768718 14 0.95800477019720254 0.16482277774343448 0.16549664961684935 -0.16634653943482949 0.00224822
25 879609569018582 22 0.95885466001518205 0.16344483409175953 0.16277096221834447 -0.16549664961684921 0.00224823
25 3096224818686679 23 0.95908223242210033 0.16314435266498234 0.1645222963166578 -0.16271940775599231 0.00224823
25 879609613815489 1 0.95835680608633256 0.16319590712733434 0.16532063167228445 -0.16609761247040467 0.00224822
25 879609759522498 2 0.95920669590431262 0.16319590712733442 0.16326881614719457 -0.16319590712733456 0.00224823
25 879609885655494 6 0.95903067795974728 0.16284387123820482 0.16301988918276972 -0.16482277774343457 0.00224823
25 3096225157693905 17 0.95848126956854485 0.16459520533651706 0.16622207595261734 -0.16307144364512224 0.00224823
25 879610137934282 10 0.95830525162397973 0.16604605800805194 0.16332037060954691 -0.16554820407920212 0.00224822
25 3096225119915460 4 0.95885466001518216 0.16524772265242418 0.16404579694531449 -0.16241892632921479 0.00224823
25 3096225027941320 8 0.95830525162398028 0.16502015024550715 0.1663980938971818 -0.16349638855411255 0.00224822
25 879609682367438 14 0.95848126956854496 0.16502015024550687 0.16597314898819188 -0.16289542570055693 0.00224823
25 3096224782556106 10 0.95903067795974739 0.16386977900074925 0.16447074185430449 -0.16234601730935516 0.00224823
25 879609929808852 20 0.95830525162397984 0.16374531551853735 0.16657411184174731 -0.16459520533651689 0.00224822
25 879609723054112 0 0.95842971510619257 0.16652255737939453 0.16379686998088977 -0.16386977900074989 0.00224822
25 879609540753442 2 0.95793186117734275 0.16592159452583957 0.16549664961684929 -0.16567266756141485 0.00224822
25 3096224991777335 23 0.9590822324221 0.16434627837209193 0.16247048079156698 -0.16356929757397196 0.00224823
25 879609956903472 16 0.95848126956854529 0.16622207595261723 0.16459520533651728 -0.16307144364512233 0.00224823
25 3096225267586602 10 0.95895776893988738 0.16344483409175967 0.16259494427377985 -0.16507170470785976 0.00224823
25 879610007844404 20 0.95830525162398028 0.16459520533651736 0.16657411184174736 -0.16374531551853716 0.00224822
25 879610163523109 5 0.95793186117734241 0.16549664961684948 0.1659215945258391 -0.16567266756141449 0.00224822
25 879609659039270 6 0.9586572875131103 0.16519616819007199 0.16519616819007182 -0.16247048079156723 0.00224823
25 879609594415392 0 0.95903067795974772 0.16386977900074978 0.162346017309355 -0.16447074185430499 0.00224823
25 3096225043295019 11 0.9590306779597475 0.16482277774343393 0.16301988918277008 -0.16284387123820454 0.00224823
25 3096225198507825 17 0.95908223242210011 0.16314435266498228 0.16271940775599231 -0.16452229631665732 0.00224823
25 879610111328044 12 0.95835680608633278 0.16532063167228461 0.16319590712733451 -0.16609761247040428 0.00224822
25 879610107117740 12 0.95903067795974795 0.16234601730935486 0.1638697790007495 -0.16447074185430455 0.00224823
25 3096224892641457 17 0.95830525162398006 0.16657411184174686 0.16459520533651695 -0.16374531551853719 0.00224822
25 879610331510954 10 0.95830525162398028 0.16349638855411233 0.16502015024550679 -0.16639809389718219 0.00224822
25 879609733751982 14 0.95812923367941472 0.1645222963166571 0.16477122328108229 -0.16664702086160726 0.00224822
25 3096225221517992 8 0.95830525162398028 0.16332037060954693 0.16554820407920248 -0.16604605800805194 0.00224822
25 879609602411174 6 0.95830525162398028 0.16604605800805214 0.1655482040792024 -0.16332037060954716 0.00224822
25 879610193353396 20 0.95848126956854507 0.16307144364512238 0.16459520533651714 -0.16622207595261707 0.00224823
25 3096225002838707 19 0.9590306779597475 0.16301988918276969 0.16482277774343496 -0.16284387123820482 0.00224823
25 879609457895086 14 0.95830525162398006 0.16409735140766735 0.16664702086160693 -0.16417026042752728 0.00224822
25 879610306500274 18 0.9588546600151826 0.16241892632921445 0.16524772265242471 -0.16404579694531504 0.00224823
25 879610002715056 16 0.95908223242210056 0.16271940775599206 0.16314435266498242 -0.1645222963166576 0.00224823
25 879609472414118 6 0.95848126956854485 0.16597314898819202 0.16502015024550742 -0.16289542570055729 0.00224823
25 879609550559653 5 0.95805632465955515 0.16434627837209212 0.16604605800805206 -0.1659731489881919 0.00224822
25 879609715663782 6 0.9585541785884053 0.16494724122564686 0.16579713104362687 -0.16271940775599236 0.00224823
25 3096224821295019 11 0.95800477019720265 0.16549664961684935 0.16634653943482963 -0.16482277774343451 0.00224822
25 879609752090551 23 0.95885466001518238 0.16524772265242449 0.16241892632921445 -0.16404579694531463 0.00224823
25 879609875452007 7 0.9583052516239805 0.16664702086160704 0.16417026042752722 -0.16409735140766724 0.00224822
25 879609689445478 6 0.95830525162397973 0.16554820407920229 0.16604605800805172 -0.16332037060954691 0.00224822
25 3096225189018728 8 0.95830525162397984 0.16332037060954699 0.16604605800805242 -0.16554820407920232 0.00224822
25 3096225059770993 17 0.95812923367941516 0.16664702086160688 0.1645222963166571 -0.16477122328108226 0.00224822
25 879609379059298 2 0.9590306779597475 0.16447074185430441 0.1623460173093548 -0.16386977900074975 0.00224823
25 879610115128948 20 0.95848126956854496 0.16597314898819204 0.16289542570055729 -0.16502015024550704 0.00224823
25 3096225041465715 19 0.95885466001518216 0.16404579694531449 0.16524772265242432 -0.16241892632921479 0.00224823
25 3096225075762536 8 0.95855417858840475 0.16271940775599228 0.16494724122564725 -0.16579713104362725 0.00224823
25 879610279179626 10 0.95830525162398017 0.16639809389718183 0.16502015024550723 -0.16349638855411197 0.00224822
25 879610179478380 12 0.95835680608633278 0.16532063167228483 0.16609761247040505 -0.16319590712733476 0.00224822
25 879610335769455 15 0.95920669590431262 0.16326881614719418 0.16319590712733489 -0.16319590712733478 0.00224823
25 879609347114854 6 0.9590822324221 0.16452229631665746 0.1627194077559922 -0.16314435266498203 0.00224823
25 879609860671344 16 0.95848126956854507 0.1650201502455074 0.16289542570055779 -0.16597314898819227 0.00224823
25 3096224898772845 13 0.95885466001518249 0.16549664961684896 0.16344483409175978 -0.16277096221834514 0.00224823
25 879609933524843 11 0.95805632465955504 0.16604605800805203 0.1659731489881921 -0.16434627837209209 0.00224822
25 879609325502697 9 0.95830525162397984 0.16374531551853738 0.16459520533651723 -0.16657411184174695 0.00224822
25 879609643376865 1 0.95895776893988727 0.16259494427377955 0.16507170470786003 -0.16344483409175961 0.00224823
25 3096225249831144 8 0.9586572875131093 0.16247048079156709 0.16519616819007199 -0.16519616819007196 0.00224823
25 879609510370534 6 0.95848126956854496 0.16307144364512247 0.16622207595261701 -0.16459520533651692 0.00224823
25 879610122730730 10 0.95855417858840453 0.16494724122564725 0.16271940775599203 -0.16579713104362731 0.00224823
25 879610251429620 20 0.9590822324221 0.16247048079156715 0.16434627837209209 -0.16356929757397221 0.00224823
25 3096224931866339 3 0.95805632465955515 0.16597314898819218 0.16604605800805178 -0.16434627837209204 0.00224822
25 879609928879852 12 0.95793186117734219 0.16549664961684965 0.16567266756141485 -0.16592159452583966 0.00224822
25 3096225053728487 7 0.95842971510619224 0.16386977900074959 0.16652255737939456 -0.16379686998088966 0.00224822
25 879609578500590 14 0.95908223242209989 0.16271940775599242 0.16452229631665738 -0.1631443526649819 0.00224823
25 879610255391212 12 0.95895776893988738 0.16507170470785926 0.16259494427377963 -0.16344483409175978 0.00224823
25 3096224763186679 23 0.95812923367941483 0.16664702086160701 0.16477122328108187 -0.16452229631665716 0.00224822
25 879609750232566 22 0.95903067795974739 0.16301988918276952 0.16284387123820454 -0.1648227777434346 0.00224823
25 3096224771109878 22 0.95830525162397939 0.1641702604275268 0.1666470208616069 -0.16409735140766718 0.00224822
25 3096224798402538 10 0.95842971510619224 0.16652255737939464 0.16386977900074937 -0.16379686998088944 0.00224822
25 3096224852987883 11 0.95885466001518216 0.16344483409175939 0.16549664961684948 -0.16277096221834458 0.00224823
25 3096224962158573 13 0.95800477019720254 0.16634653943482919 0.16549664961684965 -0.16482277774343473 0.00224822
25 3096225180499943 7 0.95903067795974739 0.16447074185430455 0.16386977900074967 -0.16234601730935477 0.00224823
