# tcount label cliff q0 q1 q2 q3 dist
26 3131409946030082 2 0.95821721574694629 0.16683858640099508 0.16373726124732341 -0.16484769580772166 0.00253693
26 914795287758862 14 0.95818931467297641 0.16681068532702487 0.16376516232129401 -0.16501031518406001 0.00253693
26 914795018954762 10 0.95890715132951365 0.16507767433524392 0.16203215132951262 -0.16429247852752255 0.00253693
25 3096225015162896 16 0.9592066959043124 0.1631959071273352 0.16319590712733498 -0.16326881614719474 0.00224823
26 914794357807113 9 0.95890715132951376 0.16415776022515455 0.16207160940672638 -0.16517293456039814 0.00253693
25 3096225179973642 10 0.95835680608633211 0.16609761247040444 0.1631959071273342 -0.16532063167228456 0.00224823
26 3131409324275728 16 0.95837983512328462 0.1665807067995024 0.16311468481594035 -0.16478033665653752 0.00253693
26 914793944163330 2 0.95916503093100636 0.16278944606326404 0.1644550979038607 -0.16265472776089587 0.00253693
26 914794615067663 15 0.95802669529663764 0.16595813036811952 0.16641808742316389 -0.16415776022515477 0.00253693
25 3096224879490048 0 0.95805632465955526 0.1659731489881921 0.16434627837209256 -0.16604605800805181 0.00224823
25 879609915290633 9 0.95885466001518249 0.16277096221834481 0.16549664961684984 -0.16344483409175975 0.00224823
26 3131409962003469 13 0.95864927172802061 0.16422511937633855 0.16612074974445803 -0.16255946753574191 0.00253693
25 3096224961895447 23 0.95848126956854462 0.1628954257005569 0.1659731489881919 -0.16502015024550701 0.00224823
26 914794314488840 8 0.95906977070585175 0.16432037960149248 0.16200425025554252 -0.16412985915118408 0.00253693
26 3131409220090880 0 0.95835193404931451 0.16318204396712424 0.16660860787347331 -0.16484769580772204 0.00253693
26 914793813871104 0 0.95874453195317533 0.16320994504109468 0.1661207497444584 -0.1630194245907863 0.00253693
25 879610309581318 6 0.9588546600151826 0.16241892632921481 0.16404579694531468 -0.16524772265242435 0.00224823
25 879609340320273 17 0.95800477019720254 0.16634653943482966 0.16482277774343457 -0.16549664961684979 0.00224823
26 3131409599838736 16 0.95805459637060797 0.16625546804682584 0.16612074974445823 -0.16399514084881611 0.00253693
26 3131409261558294 22 0.9586771728019915 0.16304732566475669 0.16628336912079644 -0.16341202249464684 0.00253693
26 3131409538954756 4 0.95851455342565295 0.16644598849713424 0.16435983767870649 -0.16288470628841811 0.00253693
25 879610350784010 10 0.95855417858840486 0.16579713104362701 0.16271940775599195 -0.16494724122564713 0.00224823
26 914794799705613 13 0.95802669529663798 0.1645224570550452 0.16683858640099561 -0.16517293456039894 0.00253693
26 914795739409929 9 0.95837983512328517 0.16478033665653749 0.16311468481594016 -0.16658070679950268 0.00253693
25 3096225138994696 8 0.95830525162398006 0.16502015024550673 0.16349638855411214 -0.16639809389718202 0.00224823
26 914794934279684 4 0.95798723721942414 0.16461771728019889 0.16674332617584114 -0.16540291308792016 0.00253693
26 914795605450246 6 0.95874453195317522 0.16566079268941347 0.16223422878306437 -0.16445509790386109 0.00253693
25 879610365724948 20 0.95812923367941449 0.16477122328108199 0.1666470208616066 -0.16452229631665699 0.00224823
26 3131409854458119 7 0.95851455342565284 0.16435983767870618 0.16644598849713435 -0.16288470628841795 0.00253693
26 914794044359959 23 0.95864927172802106 0.16579551099178108 0.1647803366565373 -0.16232948900821886 0.00253693
25 3096225243276561 17 0.95848126956854496 0.16289542570055734 0.16502015024550723 -0.16597314898819182 0.00224823
25 879609763779846 6 0.95830525162397984 0.16639809389718202 0.16349638855411225 -0.16502015024550687 0.00224823
26 3131410156401943 23 0.95835193404931396 0.16337256441743306 0.16452245705504462 -0.16674332617584056 0.00253693
26 914794083153160 8 0.95916503093100558 0.16343992356861703 0.1622342287830649 -0.16422511937633913 0.00253693
25 879609537465609 9 0.95830525162397939 0.16459520533651711 0.16374531551853749 -0.16657411184174703 0.00224823
26 914794161827095 23 0.95883979217832926 0.1653355539367363 0.16209951048069626 -0.16435983767870629 0.00253693
26 3131409357872384 0 0.95881189110435894 0.16429247852752241 0.1654981733130747 -0.16216686963188068 0.00253693
26 914795626183941 5 0.95864927172802128 0.16635072827197975 0.16311468481594055 -0.16343992356861681 0.00253693
26 3131409922964738 2 0.95913712985703559 0.16461771728019925 0.16281734713723409 -0.16262682668692546 0.00253693
25 3096225005701910 22 0.95830525162397984 0.16417026042752667 0.1640973514076674 -0.16664702086160685 0.00224823
26 914795101924112 16 0.95923239008219008 0.1633725644174332 0.1637372612473233 -0.16239684815940286 0.00253693
26 3131409184025346 2 0.95923239008218963 0.16281734713723381 0.16396723977484545 -0.16272208691207954 0.00253693
26 3131409327430403 3 0.95821721574694685 0.16507767433524384 0.16674332617584051 -0.16360254294495513 0.00253693
25 879609789250312 8 0.95885466001518216 0.16404579694531451 0.16241892632921481 -0.16524772265242452 0.00224823
26 914794431118086 6 0.95802669529663786 0.16641808742316405 0.16595813036811985 -0.16415776022515455 0.00253693
25 879610229155594 10 0.95830525162397973 0.16554820407920212 0.16332037060954691 -0.16604605800805172 0.00224823
26 914794505443074 2 0.95920448900821964 0.16334466334346281 0.16232948900821892 -0.16399514084881572 0.00253693
25 879609464436488 8 0.95903067795974706 0.16482277774343412 0.16284387123820479 -0.16301988918276986 0.00224823
26 914794169988881 17 0.95906977070585164 0.16242474923337294 0.16311468481594038 -0.16491505495890563 0.00253693
25 879609634027278 14 0.95848126956854485 0.16622207595261709 0.16307144364512227 -0.1645952053365172 0.00224823
26 914794572730121 9 0.95923239008219019 0.1633725644174327 0.16239684815940297 -0.16373726124732332 0.00253693
26 914794103009033 9 0.95881189110435927 0.16216686963188021 0.16549817331307509 -0.16429247852752249 0.00253693
25 879610041903239 7 0.95830525162397995 0.16409735140766699 0.16417026042752722 -0.16664702086160726 0.00224823
25 879609850971273 9 0.95800477019720254 0.16482277774343454 0.16634653943482952 -0.16549664961684948 0.00224823
25 879610236626053 5 0.95903067795974739 0.16234601730935483 0.16447074185430477 -0.16386977900074925 0.00224823
25 879610027250830 14 0.95885466001518227 0.16277096221834508 0.16344483409175992 -0.16549664961684973 0.00224823
26 3131409485182099 19 0.95864927172802095 0.16612074974445767 0.16422511937633885 -0.16255946753574169 0.00253693
26 914795023625348 4 0.95812195552179225 0.16383252147247768 0.16549817331307473 -0.16664806595068654 0.00253693
25 879610090110092 12 0.95842971510619246 0.16379686998088988 0.16652255737939442 -0.16386977900074984 0.00224823
26 914795185595019 11 0.95867717280199138 0.16628336912079597 0.16304732566475627 -0.16341202249464654 0.00253693
25 3096225102881418 10 0.95895776893988782 0.16259494427378002 0.16344483409175956 -0.16507170470785992 0.00224823
25 879609686168193 1 0.95835680608633222 0.16609761247040458 0.16532063167228483 -0.16319590712733476 0.00224823
26 914794462993039 15 0.95835193404931451 0.16674332617584062 0.16452245705504503 -0.16337256441743317 0.00253693
26 914795465299593 9 0.9578640759202991 0.16602548951930332 0.16612074974445801 -0.16533555393673663 0.00253693
25 879610049943184 16 0.95812923367941449 0.16452229631665713 0.16664702086160707 -0.16477122328108224 0.00224823
26 914795674340998 6 0.95874453195317555 0.16566079268941269 0.16445509790386087 -0.1622342287830647 0.00253693
26 914794113375894 22 0.95874453195317522 0.16301942459078572 0.16612074974445837 -0.16320994504109501 0.00253693
26 914794346274441 9 0.95825667382416024 0.16350728271980056 0.16494295603287595 -0.16674332617584101 0.00253693
26 3131409668002195 19 0.95906977070585175 0.16432037960149284 0.16412985915118436 -0.16200425025554255 0.00253693
26 914794469857664 0 0.95883979217832949 0.16435983767870618 0.16209951048069654 -0.1653355539367368 0.00253693
26 914793782868355 3 0.95860981365080722 0.1633446633434627 0.1664459884971343 -0.16334466334346226 0.00253693
25 879610372687237 5 0.95842971510619224 0.1637968699808901 0.16386977900074956 -0.16652255737939428 0.00224823
25 3096224893556106 10 0.95793186117734241 0.16567266756141469 0.16592159452583952 -0.16549664961684951 0.00224823
26 914794656552334 14 0.95798723721942447 0.16461771728019953 0.16540291308792049 -0.16674332617584114 0.00253693
26 914795587417483 11 0.95812195552179236 0.16664806595068582 0.16549817331307495 -0.16383252147247773 0.00253693
26 914795623484819 19 0.95913712985703647 0.16281734713723378 0.16461771728019958 -0.16262682668692541 0.00253693
26 914795659120021 21 0.95916503093100636 0.16445509790386034 0.1627894460632639 -0.1626547277608959 0.00253693
25 3096225098571153 17 0.95908223242209967 0.1643462783720922 0.16356929757397196 -0.16247048079156726 0.00224823
25 879609948388749 13 0.95805632465955459 0.1643462783720924 0.16597314898819232 -0.16604605800805239 0.00224823
25 879609663783808 0 0.95793186117734308 0.16567266756141488 0.16549664961684979 -0.16592159452583963 0.00224823
25 879610168341386 10 0.95865728751311008 0.16519616819007238 0.16247048079156712 -0.16519616819007216 0.00224823
26 914794895182731 11 0.95789197699427009 0.16549817331307501 0.16651334764831882 -0.16530765286276627 0.00253693
26 914795645250444 12 0.95920448900822008 0.16232948900821867 0.1633446633434627 -0.16399514084881572 0.00253693
26 914794428013458 18 0.95881189110435927 0.16406250000000053 0.16563289161544303 -0.16226212985703545 0.00253693
25 3096225235675016 8 0.95855417858840453 0.16271940775599217 0.16579713104362717 -0.16494724122564669 0.00224823
26 914795669624723 19 0.9582172157469464 0.16373726124732332 0.16683858640099541 -0.16484769580772152 0.00253693
25 879609438338950 6 0.95908223242209978 0.16247048079156695 0.16356929757397243 -0.16434627837209204 0.00224823
26 914793773580370 18 0.9582566738241598 0.16494295603287606 0.1635072827198007 -0.16674332617584103 0.00253693
25 879609436233798 6 0.95812923367941472 0.16477122328108207 0.16452229631665688 -0.16664702086160676 0.00224823
26 3131409949384788 20 0.95786407592029921 0.16612074974445784 0.16533555393673666 -0.16602548951930379 0.00253693
25 879610316157006 14 0.9590306779597475 0.16284387123820449 0.16482277774343435 -0.16301988918276994 0.00224823
26 3131409860114512 16 0.95874453195317522 0.16445509790386079 0.16223422878306473 -0.16566079268941325 0.00253693
25 3096225239737418 10 0.95835680608633178 0.16319590712733445 0.16609761247040425 -0.16532063167228456 0.00224823
25 879609806279745 1 0.95895776893988782 0.16344483409175936 0.16507170470785934 -0.16259494427377996 0.00224823
26 3131409140667478 22 0.95867717280199105 0.16304732566475635 0.16341202249464673 -0.166283369120796 0.00253693
26 914793681318994 18 0.95890715132951354 0.16207160940672635 0.16415776022515433 -0.16517293456039833 0.00253693
26 914793796111445 21 0.95789197699426976 0.16549817331307493 0.16530765286276605 -0.16651334764831888 0.00253693
25 879610219519060 20 0.95908223242209989 0.16452229631665732 0.16314435266498231 -0.16271940775599247 0.00224823
26 914794973430351 15 0.95864927172802072 0.16255946753574094 0.16612074974445806 -0.16422511937633827 0.00253693
25 879609308160593 17 0.95885466001518216 0.16549664961684935 0.16277096221834453 -0.16344483409175961 0.00224823
25 879609500987990 22 0.9580047701972022 0.16549664961684957 0.16482277774343471 -0.16634653943482924 0.00224823
25 879609396300354 2 0.95842971510619235 0.16386977900074967 0.1637968699808896 -0.16652255737939439 0.00224823
26 3131409300544072 8 0.95812195552179202 0.16549817331307495 0.16664806595068615 -0.16383252147247779 0.00253693
26 914794617402953 9 0.95923239008219019 0.16272208691207951 0.16396723977484573 -0.162817347137234 0.00253693
25 879609427729998 14 0.95830525162398073 0.16664702086160704 0.16409735140766757 -0.1641702604275273 0.00224823
26 914794608263488 0 0.95805459637060797 0.16625546804682606 0.16399514084881617 -0.16612074974445817 0.00253693
26 3131409879507287 23 0.95821721574694607 0.16683858640099564 0.16484769580772113 -0.16373726124732316 0.00253693
25 879609675288902 6 0.95855417858840464 0.16579713104362709 0.1649472412256468 -0.16271940775599214 0.00224823
26 914794239217984 0 0.95818931467297619 0.16343992356861653 0.16589077121693568 -0.16625546804682628 0.00253693
26 914794698387793 17 0.95805459637060708 0.16690594555217933 0.16491505495890538 -0.16455035812901517 0.00253693
25 3096224923349335 23 0.9584812695685444 0.16459520533651686 0.1630714436451223 -0.16622207595261676 0.00224823
25 879609896847696 16 0.95908223242209956 0.16356929757397198 0.16434627837209209 -0.16247048079156734 0.00224823
25 3096225261860167 7 0.95793186117734219 0.16592159452583954 0.1656726675614146 -0.16549664961684951 0.00224823
26 914793769209175 23 0.95786407592029899 0.16612074974445781 0.16602548951930346 -0.16533555393673657 0.00253693
25 879610150440268 12 0.95895776893988749 0.16507170470785928 0.16344483409175936 -0.16259494427377974 0.00224823
25 3096224873327953 17 0.9583052516239795 0.16657411184174681 0.16374531551853719 -0.16459520533651681 0.00224823
26 3131409889205572 4 0.95920448900821953 0.16334466334346229 0.16399514084881608 -0.16232948900821914 0.00253693
26 3131409445731670 22 0.95789197699426987 0.16651334764831824 0.16530765286276589 -0.16549817331307506 0.00253693
26 3131409810719574 22 0.95812195552179213 0.1654981733130749 0.16383252147247765 -0.16664806595068599 0.00253693
25 879609535925077 21 0.95805632465955437 0.16604605800805156 0.16434627837209237 -0.16597314898819188 0.00224823
26 914794443983685 5 0.95890715132951332 0.16507767433524353 0.16429247852752232 -0.16203215132951243 0.00253693
26 914794032933713 17 0.95906977070585142 0.16491505495890557 0.16311468481594049 -0.16242474923337361 0.00253693
25 879609810299726 14 0.95908223242209978 0.16356929757397162 0.16247048079156728 -0.16434627837209212 0.00224823
26 3131409908874071 23 0.95913712985703592 0.16461771728019922 0.16262682668692552 -0.16281734713723431 0.00253693
26 3131409873009485 13 0.95916503093100625 0.16278944606326387 0.16265472776089579 -0.1644550979038607 0.00253693
26 914794137454409 9 0.95835193404931407 0.16484769580772171 0.16660860787347287 -0.16318204396712452 0.00253693
26 914795746682703 15 0.95906977070585198 0.1620042502555426 0.16432037960149304 -0.16412985915118405 0.00253693
26 914794159419208 8 0.95805459637060797 0.16455035812901497 0.16491505495890516 -0.16690594555217911 0.00253693
26 914794787537100 12 0.95851455342565295 0.16288470628841845 0.16644598849713466 -0.16435983767870663 0.00253693
26 914793963905239 23 0.95818931467297619 0.16625546804682623 0.16589077121693585 -0.16343992356861708 0.00253693
26 3131409391954120 8 0.95798723721942469 0.16674332617584092 0.16540291308792054 -0.16461771728019883 0.00253693
26 3131409794820304 16 0.95874453195317577 0.16223422878306434 0.1644550979038609 -0.16566079268941319 0.00253693
26 3131409526528209 17 0.95802669529663831 0.1668385864009955 0.1651729345603983 -0.16452245705504515 0.00253693
25 879609786685638 6 0.95830525162398028 0.16349638855411233 0.16639809389718191 -0.1650201502455069 0.00224823
26 3131409660860628 20 0.95837983512328528 0.16311468481593999 0.16658070679950263 -0.16478033665653763 0.00253693
26 914793731417285 5 0.95821721574694674 0.16360254294495524 0.16674332617584064 -0.16507767433524376 0.00253693
26 914794877390022 6 0.95805459637060819 0.16399514084881645 0.16625546804682623 -0.16612074974445784 0.00253693
26 914795079650507 11 0.95867717280199138 0.16341202249464695 0.1630473256647561 -0.16628336912079639 0.00253693
25 879609992768718 14 0.95800477019720254 0.16482277774343448 0.16549664961684935 -0.16634653943482949 0.00224823
26 914794335231186 18 0.95881189110435949 0.1656328916154429 0.1640625000000005 -0.16226212985703542 0.00253693
25 879609569018582 22 0.95885466001518205 0.16344483409175953 0.16277096221834447 -0.16549664961684921 0.00224823
26 914795240360647 7 0.95835193404931418 0.16484769580772193 0.16318204396712435 -0.16660860787347315 0.00253693
25 3096224818686679 23 0.95908223242210033 0.16314435266498234 0.1645222963166578 -0.16271940775599231 0.00224823
26 914794466187968 0 0.9586492717280215 0.16232948900821897 0.16478033665653713 -0.16579551099178169 0.00253693
26 914795436169941 21 0.95864927172802061 0.16255946753574135 0.16422511937633866 -0.16612074974445806 0.00253693
26 914795454203600 16 0.95821721574694652 0.16484769580772135 0.16683858640099547 -0.16373726124732324 0.00253693
26 914794129843905 1 0.95818931467297597 0.16376516232129382 0.16681068532702456 -0.16501031518406031 0.00253693
25 879609613815489 1 0.95835680608633256 0.16319590712733434 0.16532063167228445 -0.16609761247040467 0.00224823
26 914795134373574 6 0.95837983512328462 0.16478033665653757 0.16658070679950227 -0.16311468481594049 0.00253693
26 3131409305181889 1 0.95890715132951343 0.16203215132951287 0.16429247852752238 -0.16507767433524401 0.00253693
25 879609759522498 2 0.95920669590431262 0.16319590712733442 0.16326881614719457 -0.16319590712733456 0.00224823
26 3131410110414535 7 0.95818931467297619 0.16376516232129396 0.16501031518405965 -0.16681068532702542 0.00253693
25 879609885655494 6 0.95903067795974728 0.16284387123820482 0.16301988918276972 -0.16482277774343457 0.00224823
25 3096225157693905 17 0.95848126956854485 0.16459520533651706 0.16622207595261734 -0.16307144364512224 0.00224823
25 879610137934282 10 0.95830525162397973 0.16604605800805194 0.16332037060954691 -0.16554820407920212 0.00224823
26 914794553181649 17 0.95916503093100591 0.16422511937633852 0.16223422878306451 -0.16343992356861725 0.00253693
26 914794122909134 14 0.95802669529663742 0.16452245705504503 0.16517293456039805 -0.1668385864009953 0.00253693
25 3096225119915460 4 0.95885466001518216 0.16524772265242418 0.16404579694531449 -0.16241892632921479 0.00224823
26 914795150061012 20 0.95821721574694685 0.16360254294495505 0.16507767433524356 -0.16674332617584081 0.00253693
26 3131409358790082 2 0.95923239008218975 0.16373726124732338 0.16239684815940261 -0.16337256441743297 0.00253693
26 914795274624464 16 0.9592323900821903 0.16272208691207976 0.16281734713723375 -0.16396723977484562 0.00253693
26 914795375690707 19 0.95835193404931407 0.16674332617584098 0.16337256441743278 -0.16452245705504448 0.00253693
25 3096225027941320 8 0.95830525162398028 0.16502015024550715 0.1663980938971818 -0.16349638855411255 0.00224823
25 879609682367438 14 0.95848126956854496 0.16502015024550687 0.16597314898819188 -0.16289542570055693 0.00224823
26 914793930519496 8 0.95864927172802106 0.16311468481594035 0.16635072827198008 -0.16343992356861703 0.00253693
26 914795477273552 16 0.95913712985703603 0.16262682668692549 0.16461771728019961 -0.16281734713723395 0.00253693
26 3131409908272075 11 0.95864927172802039 0.16311468481594046 0.16343992356861695 -0.16635072827198044 0.00253693
26 914795100482503 7 0.95881189110435949 0.16216686963188093 0.16429247852752257 -0.16549817331307504 0.00253693
25 3096224782556106 10 0.95903067795974739 0.16386977900074925 0.16447074185430449 -0.16234601730935516 0.00224823
25 879609929808852 20 0.95830525162397984 0.16374531551853735 0.16657411184174731 -0.16459520533651689 0.00224823
26 914795677671374 14 0.95851455342565295 0.162884706288418 0.16435983767870654 -0.16644598849713466 0.00253693
26 914795290595367 7 0.95890715132951376 0.16429247852752205 0.16203215132951274 -0.16507767433524401 0.00253693
26 3131409532645428 20 0.95906977070585209 0.1624247492333733 0.16491505495890527 -0.16311468481594038 0.00253693
25 879609723054112 0 0.95842971510619257 0.16652255737939453 0.16379686998088977 -0.16386977900074989 0.00224823
26 3131409859393590 22 0.95798723721942414 0.16674332617584067 0.16461771728019944 -0.16540291308792093 0.00253693
25 879609540753442 2 0.95793186117734275 0.16592159452583957 0.16549664961684929 -0.16567266756141485 0.00224823
26 914795027174453 21 0.95860981365080766 0.16644598849713463 0.16334466334346276 -0.16334466334346251 0.00253693
26 3131410083771444 20 0.9588397921783296 0.16533555393673652 0.16435983767870607 -0.16209951048069654 0.00253693
26 3131409407210538 10 0.95805459637060875 0.16690594555217925 0.16455035812901489 -0.16491505495890535 0.00253693
26 3131409488010272 0 0.9583519340493144 0.16318204396712455 0.16484769580772177 -0.16660860787347317 0.00253693
26 914794583637032 8 0.95906977070585187 0.16412985915118369 0.16200425025554269 -0.16432037960149265 0.00253693
25 3096224991777335 23 0.9590822324221 0.16434627837209193 0.16247048079156698 -0.16356929757397196 0.00224823
26 914795488152105 9 0.9581893146729763 0.16589077121693541 0.16625546804682606 -0.16343992356861736 0.00253693
25 879609956903472 16 0.95848126956854529 0.16622207595261723 0.16459520533651728 -0.16307144364512233 0.00224823
26 914795565738533 5 0.95805459637060819 0.16491505495890538 0.16455035812901531 -0.16690594555217911 0.00253693
26 914795723086377 9 0.95805459637060841 0.16399514084881606 0.16612074974445767 -0.16625546804682614 0.00253693
26 914794179618357 21 0.95789197699426953 0.16530765286276561 0.16549817331307476 -0.16651334764831846 0.00253693
25 3096225267586602 10 0.95895776893988738 0.16344483409175967 0.16259494427377985 -0.16507170470785976 0.00224823
26 3131409252144688 16 0.95786407592029998 0.16533555393673691 0.16612074974445803 -0.16602548951930368 0.00253693
25 879610007844404 20 0.95830525162398028 0.16459520533651736 0.16657411184174736 -0.16374531551853716 0.00224823
26 3131410092652072 8 0.95881189110435894 0.16226212985703523 0.16406250000000019 -0.16563289161544273 0.00253693
25 879610163523109 5 0.95793186117734241 0.16549664961684948 0.1659215945258391 -0.16567266756141449 0.00224823
25 879609659039270 6 0.9586572875131103 0.16519616819007199 0.16519616819007182 -0.16247048079156723 0.00224823
26 914793786999087 15 0.9581219555217928 0.1666480659506866 0.16383252147247795 -0.16549817331307484 0.00253693
25 879609594415392 0 0.95903067795974772 0.16386977900074978 0.162346017309355 -0.16447074185430499 0.00224823
26 914795645676845 13 0.95923239008219019 0.16396723977484565 0.1628173471372345 -0.16272208691208001 0.00253693
26 3131410170131249 17 0.95825667382416002 0.16674332617584078 0.16350728271980067 -0.16494295603287595 0.00253693
26 914794965168942 14 0.95874453195317511 0.1661207497444582 0.16320994504109537 -0.16301942459078653 0.00253693
25 3096225043295019 11 0.9590306779597475 0.16482277774343393 0.16301988918277008 -0.16284387123820454 0.00224823
26 3131409256160034 2 0.9582566738241608 0.16674332617584164 0.16494295603287532 -0.16350728271980144 0.00253693
25 3096225198507825 17 0.95908223242210011 0.16314435266498228 0.16271940775599231 -0.16452229631665732 0.00224823
26 3131409299691318 22 0.95789197699426998 0.16651334764831843 0.1654981733130749 -0.16530765286276644 0.00253693
26 3131410086442786 2 0.95835193404931496 0.16337256441743356 0.16674332617584076 -0.16452245705504528 0.00253693
26 914793889206069 21 0.95867717280199183 0.16341202249464648 0.16628336912079622 -0.16304732566475613 0.00253693
26 3131409348439842 2 0.95890715132951365 0.16517293456039842 0.16207160940672605 -0.16415776022515477 0.00253693
25 879610111328044 12 0.95835680608633278 0.16532063167228461 0.16319590712733451 -0.16609761247040428 0.00224823
26 914794946592934 6 0.95883979217832949 0.16209951048069698 0.16435983767870688 -0.16533555393673655 0.00253693
25 879610107117740 12 0.95903067795974795 0.16234601730935486 0.1638697790007495 -0.16447074185430455 0.00224823
25 3096224892641457 17 0.95830525162398006 0.16657411184174686 0.16459520533651695 -0.16374531551853719 0.00224823
26 914794324545711 15 0.95913712985703614 0.16281734713723378 0.16262682668692552 -0.16461771728019911 0.00253693
26 3131409165428906 10 0.95864927172802117 0.163439923568617 0.16311468481593988 -0.16635072827198005 0.00253693
26 914794762070182 6 0.95864927172802106 0.16478033665653752 0.16232948900821925 -0.16579551099178141 0.00253693
26 914794991655090 18 0.95916503093100647 0.16223422878306462 0.16422511937633844 -0.16343992356861764 0.00253693
26 914794360068262 6 0.9583519340493144 0.16452245705504495 0.16674332617584098 -0.16337256441743306 0.00253693
25 879610331510954 10 0.95830525162398028 0.16349638855411233 0.16502015024550679 -0.16639809389718219 0.00224823
26 914794661938339 3 0.95851455342565361 0.16644598849713463 0.16288470628841781 -0.16435983767870607 0.00253693
25 879609733751982 14 0.95812923367941472 0.1645222963166571 0.16477122328108229 -0.16664702086160726 0.00224823
26 914795005346471 7 0.9588118911043596 0.16549817331307495 0.16429247852752266 -0.16216686963188059 0.00253693
25 3096225221517992 8 0.95830525162398028 0.16332037060954693 0.16554820407920248 -0.16604605800805194 0.00224823
26 3131409708851889 17 0.95923239008219041 0.16373726124732382 0.16337256441743306 -0.16239684815940292 0.00253693
25 879609602411174 6 0.95830525162398028 0.16604605800805214 0.1655482040792024 -0.16332037060954716 0.00224823
26 914794937850537 9 0.9590697707058522 0.1631146848159401 0.1649150549589059 -0.16242474923337366 0.00253693
25 879610193353396 20 0.95848126956854507 0.16307144364512238 0.16459520533651714 -0.16622207595261707 0.00224823
25 3096225002838707 19 0.9590306779597475 0.16301988918276969 0.16482277774343496 -0.16284387123820482 0.00224823
26 3131409775557290 10 0.9592044890082202 0.16399514084881595 0.16334466334346251 -0.16232948900821909 0.00253693
26 914793738061490 18 0.95923239008219041 0.1623968481594032 0.16337256441743331 -0.16373726124732391 0.00253693
25 879609457895086 14 0.95830525162398006 0.16409735140766735 0.16664702086160693 -0.16417026042752728 0.00224823
25 879610306500274 18 0.9588546600151826 0.16241892632921445 0.16524772265242471 -0.16404579694531504 0.00224823
26 3131410118383287 23 0.95802669529663786 0.16415776022515444 0.16641808742316402 -0.16595813036811977 0.00253693
26 3131409502555811 3 0.95802669529663798 0.16683858640099505 0.1645224570550449 -0.16517293456039794 0.00253693
26 914795718270629 5 0.95916503093100647 0.16223422878306479 0.16343992356861736 -0.1642251193763386 0.00253693
26 914794290151862 22 0.95864927172802128 0.16612074974445723 0.16255946753574183 -0.16422511937633866 0.00253693
26 914795327242665 9 0.9586492717280215 0.16478033665653735 0.16579551099178147 -0.16232948900821878 0.00253693
26 3131409937150387 19 0.95906977070585275 0.16412985915118408 0.16432037960149287 -0.1620042502555431 0.00253693
25 879610002715056 16 0.95908223242210056 0.16271940775599206 0.16314435266498242 -0.1645222963166576 0.00224823
25 879609472414118 6 0.95848126956854485 0.16597314898819202 0.16502015024550742 -0.16289542570055729 0.00224823
26 914794862266799 15 0.95916503093100625 0.16445509790386093 0.16265472776089601 -0.16278944606326368 0.00253693
25 879609550559653 5 0.95805632465955515 0.16434627837209212 0.16604605800805206 -0.1659731489881919 0.00224823
26 3131409900878242 2 0.95802669529663798 0.16415776022515419 0.16595813036811921 -0.16641808742316383 0.00253693
26 914793791669670 6 0.95890715132951398 0.16429247852752252 0.16507767433524362 -0.16203215132951285 0.00253693
26 3131410162791857 17 0.95890715132951387 0.16517293456039803 0.16415776022515446 -0.16207160940672641 0.00253693
26 914794339229103 15 0.95821721574694663 0.16373726124732335 0.16484769580772191 -0.16683858640099572 0.00253693
26 3131409494457764 4 0.9581893146729763 0.16501031518405987 0.16376516232129432 -0.16681068532702459 0.00253693
26 914794040214437 5 0.95802669529663764 0.16517293456039814 0.16452245705504492 -0.16683858640099528 0.00253693
25 879609715663782 6 0.9585541785884053 0.16494724122564686 0.16579713104362687 -0.16271940775599236 0.00224823
26 914794173625263 15 0.95798723721942403 0.16540291308792032 0.16461771728019919 -0.16674332617584112 0.00253693
26 3131409601674160 16 0.95818931467297586 0.16343992356861695 0.16625546804682592 -0.16589077121693568 0.00253693
26 914795466459044 4 0.95881189110435905 0.16406250000000022 0.16226212985703525 -0.16563289161544281 0.00253693
26 914795260471205 5 0.95874453195317522 0.16612074974445837 0.16301942459078644 -0.16320994504109465 0.00253693
25 3096224821295019 11 0.95800477019720265 0.16549664961684935 0.16634653943482963 -0.16482277774343451 0.00224823
25 879609752090551 23 0.95885466001518238 0.16524772265242449 0.16241892632921445 -0.16404579694531463 0.00224823
26 3131409364533169 17 0.95821721574694618 0.16507767433524376 0.1636025429449553 -0.16674332617584078 0.00253693
26 914793694052462 14 0.95821721574694685 0.1667433261758407 0.16360254294495563 -0.16507767433524398 0.00253693
26 914795296268403 19 0.95802669529663809 0.16595813036811949 0.16415776022515477 -0.16641808742316411 0.00253693
25 879609875452007 7 0.9583052516239805 0.16664702086160704 0.16417026042752722 -0.16409735140766724 0.00224823
26 914793837473906 18 0.95923239008219074 0.16396723977484556 0.16272208691207968 -0.16281734713723442 0.00253693
26 3131409698515051 11 0.95916503093100614 0.16343992356861722 0.16422511937633874 -0.16223422878306476 0.00253693
26 914794956093556 20 0.95802669529663831 0.16517293456039828 0.16683858640099516 -0.16452245705504465 0.00253693
26 914795691381869 13 0.95923239008219019 0.16239684815940256 0.16373726124732352 -0.16337256441743342 0.00253693
25 879609689445478 6 0.95830525162397973 0.16554820407920229 0.16604605800805172 -0.16332037060954691 0.00224823
26 3131409455363168 0 0.95881189110435949 0.16429247852752218 0.16216686963188079 -0.16549817331307481 0.00253693
26 914795758668914 18 0.95920448900822008 0.16232948900821934 0.163995140848816 -0.16334466334346293 0.00253693
26 3131409388383348 20 0.9590697707058522 0.16491505495890543 0.16242474923337347 -0.16311468481594021 0.00253693
25 3096225189018728 8 0.95830525162397984 0.16332037060954699 0.16604605800805242 -0.16554820407920232 0.00224823
25 3096225059770993 17 0.95812923367941516 0.16664702086160688 0.1645222963166571 -0.16477122328108226 0.00224823
26 914793738978921 9 0.95881189110435927 0.16549817331307504 0.16216686963188043 -0.16429247852752263 0.00253693
26 914794645415537 17 0.9586492717280205 0.16343992356861659 0.16635072827198027 -0.1631146848159406 0.00253693
26 3131409396414064 16 0.95883979217832915 0.16435983767870638 0.16533555393673666 -0.16209951048069637 0.00253693
25 879609379059298 2 0.9590306779597475 0.16447074185430441 0.1623460173093548 -0.16386977900074975 0.00224823
26 3131409483476586 10 0.95916503093100647 0.16422511937633838 0.16343992356861728 -0.16223422878306459 0.00253693
26 914795177844338 18 0.95864927172802039 0.16635072827198022 0.16343992356861659 -0.16311468481594082 0.00253693
26 3131409580973680 16 0.9586492717280205 0.16232948900821881 0.16579551099178147 -0.16478033665653785 0.00253693
25 879610115128948 20 0.95848126956854496 0.16597314898819204 0.16289542570055729 -0.16502015024550704 0.00224823
25 3096225041465715 19 0.95885466001518216 0.16404579694531449 0.16524772265242432 -0.16241892632921479 0.00224823
26 914793759809909 21 0.95867717280199094 0.16628336912079658 0.16341202249464659 -0.16304732566475644 0.00253693
26 914793966788983 23 0.95805459637060808 0.16612074974445815 0.16399514084881617 -0.1662554680468257 0.00253693
26 3131409214951787 11 0.95874453195317466 0.16301942459078614 0.16320994504109473 -0.16612074974445773 0.00253693
26 3131409950552424 8 0.95881189110435883 0.16226212985703489 0.16563289161544278 -0.16406250000000036 0.00253693
26 914795112696173 13 0.9582172157469464 0.16674332617584101 0.16507767433524406 -0.16360254294495569 0.00253693
26 914794725770593 1 0.95874453195317555 0.16445509790386062 0.16566079268941311 -0.16223422878306459 0.00253693
25 3096225075762536 8 0.95855417858840475 0.16271940775599228 0.16494724122564725 -0.16579713104362725 0.00224823
26 914794590778720 0 0.95837983512328528 0.16658070679950254 0.16478033665653757 -0.16311468481594021 0.00253693
25 879610279179626 10 0.95830525162398017 0.16639809389718183 0.16502015024550723 -0.16349638855411197 0.00224823
26 914794875555174 6 0.95818931467297608 0.16589077121693577 0.1634399235686172 -0.16625546804682581 0.00253693
26 914794018368865 1 0.95851455342565328 0.16435983767870654 0.16288470628841784 -0.16644598849713457 0.00253693
26 914795369562989 13 0.95890715132951332 0.16207160940672585 0.1651729345603985 -0.16415776022515494 0.00253693
26 914793705612151 23 0.95837983512328484 0.16311468481594052 0.16478033665653719 -0.16658070679950257 0.00253693
25 879610179478380 12 0.95835680608633278 0.16532063167228483 0.16609761247040505 -0.16319590712733476 0.00224823
26 914794439611235 3 0.95818931467297619 0.16501031518405951 0.16681068532702473 -0.16376516232129334 0.00253693
25 879610335769455 15 0.95920669590431262 0.16326881614719418 0.16319590712733489 -0.16319590712733478 0.00224823
26 914794982771564 12 0.9581893146729763 0.16681068532702528 0.16501031518405995 -0.16376516232129357 0.00253693
25 879609347114854 6 0.9590822324221 0.16452229631665746 0.1627194077559922 -0.16314435266498203 0.00224823
26 914795479861103 15 0.95906977070585153 0.16200425025554199 0.16412985915118422 -0.16432037960149273 0.00253693
25 879609860671344 16 0.95848126956854507 0.1650201502455074 0.16289542570055779 -0.16597314898819227 0.00224823
26 914793867470697 9 0.95835193404931429 0.16660860787347281 0.16484769580772191 -0.16318204396712407 0.00253693
26 3131410087442292 20 0.95864927172802084 0.16579551099178164 0.16232948900821909 -0.16478033665653763 0.00253693
26 914795647995760 16 0.95802669529663798 0.16641808742316436 0.16415776022515474 -0.16595813036811935 0.00253693
25 3096224898772845 13 0.95885466001518249 0.16549664961684896 0.16344483409175978 -0.16277096221834514 0.00224823
25 879609933524843 11 0.95805632465955504 0.16604605800805203 0.1659731489881921 -0.16434627837209209 0.00224823
26 3131409613160307 19 0.95916503093100591 0.16265472776089543 0.16278944606326368 -0.16445509790386087 0.00253693
26 914795307614436 4 0.95881189110435905 0.16563289161544251 0.16226212985703536 -0.16406250000000006 0.00253693
25 879609325502697 9 0.95830525162397984 0.16374531551853738 0.16459520533651723 -0.16657411184174695 0.00224823
25 879609643376865 1 0.95895776893988727 0.16259494427377955 0.16507170470786003 -0.16344483409175961 0.00224823
26 914795074380006 6 0.95786407592029921 0.16602548951930379 0.16533555393673688 -0.1661207497444579 0.00253693
26 914794627264759 23 0.9592044890082202 0.16399514084881595 0.16232948900821909 -0.16334466334346281 0.00253693
25 3096225249831144 8 0.9586572875131093 0.16247048079156709 0.16519616819007199 -0.16519616819007196 0.00224823
26 914794669984998 6 0.9582172157469464 0.16484769580772154 0.16373726124732313 -0.16683858640099539 0.00253693
26 3131409676922100 20 0.95805459637060819 0.16612074974445787 0.16625546804682589 -0.16399514084881606 0.00253693
25 879609510370534 6 0.95848126956854496 0.16307144364512247 0.16622207595261701 -0.16459520533651692 0.00224823
26 3131409851047147 11 0.95805459637060775 0.16455035812901525 0.16690594555217897 -0.16491505495890552 0.00253693
26 3131410046041332 20 0.95818931467297586 0.16625546804682595 0.16343992356861706 -0.16589077121693568 0.00253693
25 879610122730730 10 0.95855417858840453 0.16494724122564725 0.16271940775599203 -0.16579713104362731 0.00224823
26 914794919052018 18 0.95805459637060819 0.16491505495890563 0.16690594555217936 -0.16455035812901542 0.00253693
26 914795333010153 9 0.95883979217832938 0.16209951048069637 0.16533555393673682 -0.16435983767870621 0.00253693
26 3131409313997549 13 0.958609813650807 0.1633446633434627 0.16334466334346262 -0.16644598849713466 0.00253693
26 914794970376935 7 0.95835193404931429 0.1666086078734729 0.16318204396712471 -0.16484769580772141 0.00253693
26 914794810656489 9 0.95906977070585209 0.16311468481594049 0.16242474923337308 -0.16491505495890549 0.00253693
25 879610251429620 20 0.9590822324221 0.16247048079156715 0.16434627837209209 -0.16356929757397221 0.00224823
26 3131410109638368 0 0.95890715132951354 0.16203215132951276 0.16507767433524378 -0.16429247852752299 0.00253693
25 3096224931866339 3 0.95805632465955515 0.16597314898819218 0.16604605800805178 -0.16434627837209204 0.00224823
26 914794680620790 22 0.95916503093100569 0.16265472776089532 0.1644550979038607 -0.1627894460632637 0.00253693
26 914794640627430 6 0.95913712985703603 0.16262682668692521 0.16281734713723395 -0.16461771728019906 0.00253693
25 879609928879852 12 0.95793186117734219 0.16549664961684965 0.16567266756141485 -0.16592159452583966 0.00224823
26 914795674799851 11 0.9579872372194238 0.16540291308792024 0.16674332617584092 -0.16461771728019908 0.00253693
26 914794742902510 14 0.95812195552179225 0.16383252147247801 0.16664806595068649 -0.1654981733130752 0.00253693
25 3096225053728487 7 0.95842971510619224 0.16386977900074959 0.16652255737939456 -0.16379686998088966 0.00224823
26 914795330306544 16 0.95835193404931462 0.16452245705504481 0.16337256441743342 -0.16674332617584081 0.00253693
26 914795043348971 11 0.95789197699426964 0.16530765286276608 0.16651334764831849 -0.1654981733130747 0.00253693
25 879609578500590 14 0.95908223242209989 0.16271940775599242 0.16452229631665738 -0.1631443526649819 0.00224823
26 914795128789488 16 0.95890715132951365 0.16415776022515424 0.16517293456039836 -0.16207160940672616 0.00253693
25 879610255391212 12 0.95895776893988738 0.16507170470785926 0.16259494427377963 -0.16344483409175978 0.00224823
26 914795381097965 13 0.95825667382416024 0.16494295603287587 0.16674332617584103 -0.16350728271980136 0.00253693
26 3131409512089063 7 0.95874453195317511 0.1632099450410946 0.16301942459078658 -0.16612074974445751 0.00253693
26 914794655831521 1 0.95874453195317522 0.16223422878306451 0.16566079268941317 -0.16445509790386037 0.00253693
26 914794336390624 0 0.95786407592029943 0.16533555393673596 0.16602548951930385 -0.16612074974445815 0.00253693
25 3096224763186679 23 0.95812923367941483 0.16664702086160701 0.16477122328108187 -0.16452229631665716 0.00224823
26 914795070074352 16 0.95825667382416013 0.16350728271980097 0.16674332617584126 -0.16494295603287584 0.00253693
25 879609750232566 22 0.95903067795974739 0.16301988918276952 0.16284387123820454 -0.1648227777434346 0.00224823
25 3096224771109878 22 0.95830525162397939 0.1641702604275268 0.1666470208616069 -0.16409735140766718 0.00224823
26 3131409903197169 17 0.95923239008218997 0.16281734713723395 0.1627220869120794 -0.16396723977484537 0.00253693
25 3096224798402538 10 0.95842971510619224 0.16652255737939464 0.16386977900074937 -0.16379686998088944 0.00224823
25 3096224852987883 11 0.95885466001518216 0.16344483409175939 0.16549664961684948 -0.16277096221834458 0.00224823
26 914794139119586 2 0.95864927172802061 0.16422511937633827 0.16255946753574083 -0.16612074974445823 0.00253693
25 3096224962158573 13 0.95800477019720254 0.16634653943482919 0.16549664961684965 -0.16482277774343473 0.00224823
25 3096225180499943 7 0.95903067795974739 0.16447074185430455 0.16386977900074967 -0.16234601730935477 0.00224823
