
HT-axis frame, eps=2^-5, Q=25
  tau : N_grid(<=tau)  c_req_grid   | N_tube(<=tau)  c_req_tube  | shell_tube/Haar
    8 :       17       -28.0   |       39        60.0  |   2.22
    9 :       33        14.0   |       83       114.0  |   2.44
   10 :       65        37.0   |      169       141.0  |   2.39
   11 :      137        53.5   |      325       147.5  |   2.17
   12 :      221        47.2   |      581       137.2  |   1.78
   13 :      339        38.1   |     1013       122.4  |   1.50
   14 :      613        36.1   |     1769       108.3  |   1.31
   15 :     1051        31.7   |     3143        97.0  |   1.19
   16 :     1923        29.4   |     5733        89.0  |   1.12
   17 :     3687        28.5   |    10657        82.9  |   1.07

HT-axis frame, eps=2^-6, Q=50
  tau : N_grid(<=tau)  c_req_grid   | N_tube(<=tau)  c_req_tube  | shell_tube/Haar
    8 :        9      -240.0   |       17      -112.0  |   0.89
    9 :        9      -136.0   |       19       -56.0  |   0.44
   10 :       11       -68.0   |       25       -12.0  |   0.67
   11 :       17       -26.0   |       43        26.0  |   1.00
   12 :       27        -5.0   |       77        45.0  |   0.94
   13 :       51         8.5   |      139        52.5  |   0.86
   14 :       97        15.2   |      265        57.2  |   0.88
   15 :      193        19.4   |      533        61.9  |   0.93
   16 :      477        27.3   |     1125        67.8  |   1.03
   17 :      933        27.8   |     2383        73.2  |   1.09

Haar 0, eps=2^-5: c_req_grid by tau 10..17: -5.0 7.5 16.0 19.6 21.9 22.1 23.1 23.5

Haar 0, eps=2^-6: c_req_grid by tau 10..17: -88.0 -34.0 -7.0 7.5 14.8 20.0 23.1 23.4
